16578
10000
22302
18974
-1221
8153
18941
18651
15799
14888
3519
14537
16462
18352
15557
14478
11053
7339
19167
19805
14723
14588
12178
8709
10043
12233
18031
14202
23367
17950
1221
17161
12971
2401
10616
15379
4080
12136
14184
15251
13055
22983
17327
18229
3829
10881
6953
21392
4062
11685
16130
19026
13298
16713
22657
1758
11104
12198
6610
3068
16149
17123
20563
14574
8232
25619
11772
11389
7763
10119
16925
13236
13056
13273
14548
19062
14812
-3905
4461
16300
10852
7501
8139
28275
14538
5761
17516
20653
6469
19186
5340
8153
10094
5803
9705
20176
13143
8886
21848
-3732
10557
8387
10504
9574
8733
15531
4139
21320
15428
19428
7861
15879
7151
12629
12956
20893
9436
12654
14953
4562
18851
1484
16931
13528
18801
11760
22200
16789
18070
17923
17324
7967
7871
21883
11923
3453
12249
15658
24868
24631
8800
10680
16737
10130
20286
17450
7863
21083
20468
8130
10394
10575
14663
17276
6060
12852
15496
6868
10324
9309
14504
6756
13871
16637
7199
1598
8463
7439
9123
13786
16940
13269
11986
15616
13088
17616
7270
16072
13189
4549
8135
23115
19257
18070
10299
8151
12471
10581
12854
18128
14242
19266
11404
17157
10377
14513
19917
22973
7576
10347
12808
10953
17715
11248
12493
18011
7617
19019
18660
-96
12651
7648
9041
10370
6015
5304
7407
12780
17610
22765
-2050
10665
7625
7599
22080
18468
17300
16263
11104
14394
16548
4532
9410
7199
6960
20623
6096
9671
19021
13082
23299
20056
644
11290
8737
5382
16194
12458
13103
997
20189
10367
13910
6814
13691
14171
12909
8855
10792
11959
7785
9571
15498
15511
11891
11870
20678
4390
18793
8689
11506
25094
16140
12877
12856
13733
13127
13081
21635
11218
10980
3526
17134
14927
17633
20158
6709
9862
5685
13209
5034
18537
12783
9984
6626
23832
11532
-5691
11660
13642
8971
11969
9411
7985
12354
24635
21437
12168
1307
16551
14476
12990
9298
22063
3739
11414
8993
17009
18937
10996
18283
2548
7068
9709
6564
12534
6858
11700
13279
1992
-3316
7387
9319
4465
6338
14385
11660
18928
14846
4858
18775
16161
5654
13629
11708
4852
18438
13351
451
15025
15410
17713
6328
9261
10873
8881
16886
12278
22954
11628
12886
7974
22001
1481
8852
12372
3633
5524
16125
28214
13552
14162
13257
11321
10002
19433
13117
4109
9174
20993
19416
8270
11036
19197
15613
-2252
9758
15968
3138
18279
14419
5119
17476
7161
15234
7922
10864
4416
18261
18202
12245
18707
12833
11378
4615
18495
16100
-2647
12806
12662
5140
12378
22347
13941
26727
8983
1732
10181
5159
8383
2036
15764
16533
6464
10840
15564
14856
21933
14579
2408
19045
20503
17283
6790
18582
17200
8443
12038
21316
13706
-1642
9638
14525
8804
17440
15224
10619
11388
7243
19524
18135
2319
19093
17064
5386
-1817
18186
15248
8384
7020
15361
18186
4031
13566
9340
7267
4536
15364
7196
11487
22909
14306
8561
9374
12027
14557
17121
2162
12743
9832
15840
10952
10761
17671
14033
8840
6928
8273
10433
17521
12149
1683
7985
13904
10719
5577
21771
18078
17807
16662
5527
9302
11600
13752
13777
11508
6466
10092
13596
9973
9402
12999
13184
11372
22508
14242
13018
5014
9101
10843
10763
13226
9706
7823
13064
13375
19062
16998
3688
10614
3792
8492
11395
11230
13235
15787
15818
6905
26145
6177
20953
12042
16976
8434
11199
20813
17286
23318
19054
18908
4667
12640
10826
9665
16952
10251
19925
8774
14107
16088
21883
-84
8820
10615
6839
14180
9758
9685
1139
21133
14849
15523
7862
21601
5609
15482
1213
9798
16484
11608
10726
14632
18123
4368
13409
14057
12147
8543
20936
20426
13496
7942
17866
5970
495
9453
9787
16618
24239
14768
17421
7621
19461
9722
15681
18
5909
17523
12060
2414
17784
13553
17664
17157
21275
20238
1299
16449
10322
10894
18661
6907
14195
4610
15899
5199
10922
4502
6926
11865
15189
10854
10722
10213
8824
16199
18976
12116
3023
4703
17324
9441
7230
4774
10571
4691
14067
24041
10674
5999
11179
8057
13163
12369
14594
12788
6375
10745
10766
11244
-1441
15111
10040
8235
8631
11016
-2143
20867
10977
15755
17329
7322
12530
13421
10630
13665
17004
17841
7762
9571
6071
11296
1671
13437
12373
6188
14812
12376
2912
10929
15657
12556
11099
9146
18989
18519
-253
11335
13478
9939
9877
9992
12409
6371
8936
17626
22232
21624
14687
53
6413
7963
10572
-3304
13111
2276
8776
18514
14757
12791
12831
23580
11317
15405
24705
12838
8782
9126
6242
15597
6205
9666
9058
903
14755
3151
14637
1840
7723
12323
17706
8634
18281
18037
13781
11583
20418
15454
5991
11996
18208
9393
14351
17025
4145
11563
11210
4897
20361
1052
9283
16164
14431
17369
8632
15883
11625
8194
15579
23175
242
14132
7168
7654
3920
20723
6864
3930
12454
17679
17255
5603
9308
18604
11837
11654
4583
8731
13705
22638
13278
9221
-3290
14994
10702
15157
13749
11035
-926
10560
14461
6208
10858
6777
16548
11607
13759
11886
17241
13796
13939
9405
21428
12948
4723
13526
5523
16266
8099
9911
9259
7538
20305
18381
15249
7260
6805
13080
15271
17054
12483
11011
21467
7865
17872
16363
8183
9384
7014
19394
13910
14958
13040
13634
4646
13967
20917
8811
15783
9986
20220
12099
19423
7900
23619
20991
14291
19908
553
7819
6777
21503
13129
10439
21599
3502
14915
21309
14541
572
12328
16269
9595
7679
10496
12619
7129
15791
10969
22005
5492
10866
15540
11294
6500
15773
12051
21316
6382
15181
17717
17068
11848
11934
5375
2153
17601
20325
21231
12992
6959
9370
6179
8481
16010
11581
7745
8098
10598
11787
13449
18437
5735
10547
19779
8351
3856
6380
22115
7091
14775
22338
20551
19711
6409
10119
16700
1207
9258
14643
12303
7034
15223
19989
27767
7304
12809
10390
7540
7890
8630
21664
22613
10153
5056
15450
6296
17044
15617
6420
10815
16445
12660
10597
12505
8056
10829
5591
11682
4807
14871
11113
11516
13849
10926
17667
5314
19766
8991
15490
10923
7816
17202
12700
12796
3805
24144
19214
8171
8310
8869
12054
8039
17962
16772
14135
12225
8979
16455
13078
3404
7789
10802
7015
15477
7517
12937
13560
14180
14949
17363
5163
8146
6570
10464
10091
6153
17784
16385
10420
13924
12769
5457
15085
1589
10525
9447
13997
15805
16011
8216
18194
16242
5675
4080
12531
3327
19541
14688
14952
16835
8549
22916
15588
6572
2054
4264
16723
12080
15133
23407
14443
11357
4527
14967
-1178
11719
3127
13059
15225
18793
14173
5169
15603
23416
24164
10659
9090
2488
11592
17185
11825
20398
19795
13492
10768
20507
6939
8625
16431
11801
-55
10628
7535
10570
13751
12504
19847
18224
12297
12787
12767
2922
15702
16899
18768
16391
21577
9932
-2318
11245
14071
12707
16757
8504
15189
8953
9497
18913
11257
763
8265
9501
14388
8293
11264
11285
12769
16094
20632
7771
2404
10816
9912
14923
14719
13349
11878
13160
8797
12482
17401
9017
9450
17984
13737
6206
15444
17997
11511
15409
11559
3677
5189
11203
15345
11418
17560
16012
11839
12343
17210
14707
10834
2058
3151
3367
15351
1505
14473
4887
14841
20298
5235
12512
-1602
15830
20398
13707
13766
16249
16597
8385
9632
14489
19714
887
6402
3347
16499
4977
13670
15384
13842
9821
14405
15881
6300
14237
5598
17065
8215
16731
9013
16264
10362
20230
19216
8105
14914
18445
21660
14997
5552
13145
18901
16069
12871
10512
791
17755
9927
13649
3811
14803
13778
17050
19523
12905
11920
2274
3192
15100
12058
9777
7613
10627
11624
16340
8899
23449
3748
12986
17255
15073
8891
10440
21250
18302
8443
15665
17739
8045
7246
10818
13462
17202
13426
13699
17384
15578
18025
10489
6595
9111
8665
11439
8550
10178
11331
9967
16045
7750
23869
4785
12146
14122
5528
8951
20565
10471
13326
18246
14732
9974
6
13663
13423
15517
13688
2537
24916
19122
11330
19281
20771
10488
8833
14414
10875
14072
11841
10634
19469
15447
19234
10313
5439
1896
13409
5995
2851
12763
19393
4772
13429
15871
23818
7244
6766
8895
15092
21247
8018
14789
15568
17697
6312
17009
13184
7096
4230
11737
19203
10319
11364
15982
9046
26577
13653
1256
10507
8960
4865
8416
5142
13486
13163
13075
14268
18514
5588
13921
7565
7380
14201
12165
17357
20238
14809
12790
15684
-1127
12756
3379
21561
12838
14971
15639
15932
20669
15163
31772
5359
14083
13439
17924
14004
13394
8292
4546
9194
19745
24580
9242
14285
16408
11135
15455
2871
6956
12949
11161
8054
12917
10351
17851
6148
17300
13732
24738
4115
7172
5444
12679
15096
-1931
9801
17360
4886
13910
7050
6236
12598
15380
18139
11415
-2014
7134
14765
11275
13419
7330
16840
8515
10186
22897
23826
7500
15606
12220
12641
7981
11192
10067
27175
16309
21131
16858
3283
10812
16737
8660
8776
11659
22072
2321
18917
12045
12405
7577
7073
18396
7261
12304
11722
7277
15916
15681
9400
11243
3452
16117
8042
16507
10436
8691
11893
16457
9969
9889
10586
4862
5637
6183
11101
10667
8887
4365
18598
16737
16657
17499
7155
16047
187
18276
14221
336
2229
9332
16595
16636
13267
4043
20642
16461
11340
14020
12122
18842
18073
12798
21073
20775
4397
14056
9152
5950
13574
16754
2692
24762
11774
8988
10850
3187
16877
17546
3296
9997
11969
17300
17495
11352
12595
16138
4423
9984
22236
14219
15137
13125
13836
20114
22377
20854
8066
851
13883
14879
11716
12763
7718
6649
25525
15906
23612
6206
-1653
22836
11726
15290
14640
12281
11947
11310
16908
5717
11946
3277
5757
20428
20974
7633
9610
6524
14055
13490
16262
19630
-4742
11886
4559
7963
13511
14422
11231
6381
22094
19948
9912
2763
14863
13394
2835
17312
14359
11460
15626
6582
20901
14841
2351
10078
22705
15336
14740
14091
872
14757
14564
22780
16323
7922
5061
11837
4021
12637
6637
10712
8465
7575
12381
19585
-2111
9382
14460
13693
17749
9269
9450
9433
29853
13364
12359
8084
18658
13568
12739
9244
5252
15479
10159
13901
11084
18636
-4395
17975
16921
10992
11240
12443
13157
12416
5442
13895
14481
7469
16487
14267
6760
3184
6861
16325
12237
14844
25122
14359
7594
22035
1382
15324
18347
15867
6060
17304
17272
17331
8965
6335
8529
18870
3275
7891
15548
15513
11217
9773
11367
16676
2465
10751
4716
7731
9825
16195
12004
16606
3761
24171
5053
-607
19190
10098
14308
15790
10198
11823
11173
9934
22313
19020
6055
17912
17095
9268
18649
17003
16456
11215
16129
10309
10426
4188
16398
12445
21025
3653
8959
22612
19381
16318
11459
19181
8255
5149
14657
7142
2768
7419
13705
20480
14864
12042
16303
-3821
13090
12473
18499
12796
19465
16923
16030
12231
26657
20166
-4397
3986
13045
13224
14046
19590
4246
15055
12027
16546
24621
-7236
10087
3308
97
6799
7602
7580
9786
12868
20915
15091
460
11152
12094
9523
11780
12623
17130
14748
20796
22282
15330
-1731
10408
10514
13850
21466
10787
6920
14649
8280
3962
9668
10001
9349
6687
9183
15262
1865
13514
7273
4895
17008
18960
11757
14111
10293
6879
2509
19750
10304
5567
17346
17576
2953
6778
13825
11569
17465
5143
10315
9677
15643
10353
12989
1846
-1023
16605
17247
18697
11986
18812
12631
16995
11777
4393
10306
13401
19026
9997
16394
3599
14130
7200
5224
12739
22145
21449
12636
14447
11948
23103
12619
6875
11123
8175
20283
15491
8035
7784
13800
9293
22282
5821
13211
14229
13525
7258
7591
8429
-3068
15077
9338
3111
17695
14994
8626
7559
18449
12206
11851
-9757
13457
12071
13454
13340
12373
8109
8909
18603
7237
7950
9679
18457
12444
14225
11950
10380
16739
8430
1937
20702
13956
8268
18710
4326
19099
15533
12164
5382
12998
23692
5480
10989
1742
16964
16535
14043
14857
7801
5561
18503
9973
10958
18223
1251
9461
8698
19896
15880
17730
9512
18836
15663
7419
9250
7500
10446
9594
11240
16636
18312
17654
4118
6857
1885
23143
-2313
12992
4912
9627
13841
18720
16968
8958
10132
9645
21414
-1971
14112
6287
19730
5127
11565
13230
16295
8052
13785
13743
332
10251
11117
16387
3860
12233
17929
6924
12950
1588
13684
4949
18349
15690
12992
6852
13499
12503
12430
19806
16895
16360
1508
15313
19151
10065
17070
11156
18636
11708
7392
7783
15512
2364
21300
5177
13607
18470
22078
13254
12424
12489
7865
12771
8574
12567
12783
14813
6047
5009
17099
14821
10582
8617
13509
4286
14080
17263
9944
5328
18703
29661
16140
11808
9189
10414
-3052
10825
21478
13618
7651
18202
7416
13968
4373
10680
16833
9478
7022
6897
13097
8227
17251
9383
19863
14199
19478
19366
9707
12733
13495
17094
10264
18579
3113
12283
17154
10090
16241
8156
-3620
265
4788
10164
15742
16161
9828
21632
15736
8279
6681
14139
17472
20408
11774
6219
11614
12384
14760
17605
11738
3372
16199
10652
12605
17163
11734
7142
11526
7935
9677
10738
947
15253
9996
11015
14106
11987
10948
25770
16635
14094
6943
1243
19550
14898
15470
17674
11480
13908
19251
17329
14863
14423
7779
6299
10259
11848
13728
16572
12459
6822
23453
8236
18404
15537
12733
5175
5991
9879
16068
8478
4745
21163
11149
4987
1038
15732
16239
17995
10366
5680
23411
22292
5238
20565
1976
11236
19005
16531
8500
5313
12445
8742
20266
16693
13569
22977
11672
13446
19109
9925
7187
15171
17906
12859
23923
10102
15512
16
12166
6314
17627
9198
8495
5345
12993
14961
15863
17354
4890
5123
9269
12878
14455
10980
17080
14742
7709
16257
17570
6702
-1117
14707
4881
12262
6989
6811
19426
17005
12435
15347
1783
15469
9144
7773
14076
15680
16344
11978
19341
13329
14951
444
9931
10578
7305
18376
13080
14454
16680
12609
13725
23890
11577
5274
15808
11575
11455
6036
2203
14566
4393
13820
21299
14380
10202
19534
7415
12275
18318
11733
6900
21638
14240
15972
11994
5106
11842
15103
4882
15360
6366
3737
20266
20247
9859
13734
13329
7497
19592
8661
14246
7878
19919
14869
12121
12462
-3540
17707
12982
15543
9719
12331
5802
13993
17343
14086
18820
-231
10729
10928
14091
7727
9091
15134
11279
9057
5374
4426
4026
12782
8234
7101
14092
12792
9176
8255
14646
16038
6377
-525
15158
15412
11833
16296
20939
12067
17660
9932
5645
17636
7039
14671
16041
10749
21398
14417
7030
11304
10255
21030
14676
2301
4439
280
12411
11337
7060
4962
8455
21888
16676
22882
7719
9810
20245
11187
11670
25802
13831
13575
12756
15893
10768
10212
5821
6375
12300
17199
5425
12912
13095
8029
8317
9505
-6041
5839
7202
6858
8032
15971
9984
14981
16393
12333
15008
4692
11032
9668
19299
8528
8386
10631
13314
12242
3267
11714
2405
6331
8753
21096
13505
21336
7053
6517
21864
8978
18175
7567
10872
16135
17148
8306
13001
16544
1249
14883
13450
7347
8415
12453
16351
15765
10421
13742
9967
6083
18729
21136
16781
1885
12935
12940
9870
19001
9181
14062
9457
18256
10084
11679
4996
14900
9787
12868
10978
9935
5192
7784
9723
7977
16957
4451
15882
23064
1912
17940
16355
10087
14837
6035
8293
6559
11416
6762
23348
15566
8729
21030
8981
15459
15183
2450
8626
3254
8965
6046
12410
3415
9084
11247
15984
7569
15641
16162
-934
10797
4302
11729
11108
15258
18961
13671
9785
15814
7939
2673
11692
10576
8187
11917
22206
6930
16287
18788
11236
24929
8389
23346
4950
15237
11122
9755
14158
9878
6796
17735
10868
32
12970
12227
9911
8082
19985
5220
8249
8730
14274
12359
13802
6597
7197
5923
14697
11183
14144
14400
15882
8592
16302
1701
12188
12038
11746
14706
18880
16957
19898
20148
20064
16528
11269
9213
9990
5496
10046
19119
-2609
10643
10366
18258
16932
6231
11457
9966
9415
15532
8917
12694
16603
7742
16893
4490
4077
17099
21356
13085
13080
12834
11052
24972
14373
8267
11786
11343
13381
20012
17592
3958
8269
13150
16540
26265
9347
10762
8797
15106
20272
13552
14888
5315
11066
17328
15590
13667
20621
2747
12710
9524
13813
5759
11736
14624
3990
-1886
13420
8646
9558
8993
3598
21809
6408
15079
17994
15135
16044
14259
15686
2323
15393
9511
10266
9462
16085
13923
10687
8956
21289
21221
7927
13205
9362
11989
6686
8844
7688
14647
19421
18732
13569
11568
14018
11365
11829
12703
11191
20094
18720
12674
2608
16891
8105
17432
8622
15100
4042
11230
5535
9731
13460
7533
5365
7740
14901
9890
12027
10282
13033
8533
18077
13897
13996
12939
8702
12202
2851
11182
7873
7189
21531
10738
7877
13477
18936
5091
9516
11803
5220
12290
19493
12363
12690
17657
15004
9677