1.35469
1.06157
1.20808
1.33902
0.468637
1.2661
1.54555
1.14261
1.27346
1.43884
1.16697
0.954499
1.37336
1.31342
1.13691
0.567464
0.998115
1.07506
0.714376
1.25593
1.12555
1.03243
0.552281
0.675783
0.650377
1.3208
0.964089
0.40448
0.807145
1.22445
0.907248
1.15093
1.28606
0.879714
0.841732
1.08562
0.939801
1.28017
1.26096
0.742905
1.31531
0.751711
1.2501
0.979405
0.641652
0.849344
1.16055
1.48162
1.04785
0.905005
0.581627
0.631853
1.02046
0.741605
0.694756
1.46845
1.12246
1.40026
0.763003
0.632084
0.762847
0.703145
1.11074
1.11251
1.64056
0.526739